ta00   225  0.79  1441  1486  1.00
ta01   225  1.05  1377  1407  0.40
ta02   225  1.42  1376  1467  1.00
ta03   225  1.48  1452  1531  1.00
ta04   225  1.46  1505  1632  1.00
ta05   225  1.06  1383  1484  1.00
ta06   225  1.15  1310  1482  1.00
ta07   225  1.49  1340  1398  1.00
ta08   225  1.37  1467  1482  0.00
ta09   225  1.23  1407  1479  1.00
ta10   300  2.33  1611  1702  0.40
ta11   300  2.31  1577  1701  0.20
ta12   300  1.59  1581  1671  1.00
ta13   300  2.29  1597  1668  1.00
ta14   300  1.99  1589  1681  0.20
ta15   300  1.58  1551  1618  1.00
ta16   300  2.09  1653  1782  1.00
ta17   300  1.37  1669  1745  1.00
ta18   300  1.80  1570  1653  1.00
ta19   300  2.97  1584  1657  0.60
ta20   400  3.17  1921  2014  1.00
ta21   400  2.98  1880  1933  1.00
ta22   400  3.69  1803  1850  1.00
ta23   400  3.17  1896  1972  0.00
ta24   400  4.22  1880  1961  1.00
ta25   400  3.35  1930  2072  0.20
ta26   400  2.45  2062  2180  0.20
ta27   400  4.34  1896  2037  1.00
ta28   400  2.99  1831  1982  0.00
ta29   400  5.31  1803  1956  0.60
ta30   450  1.20  2103  2193  1.00
ta31   450  1.90  2154  2260  1.00
ta32   450  1.37  2248  2289  1.00
ta33   450  1.92  2091  2204  1.00
ta34   450  1.34  2281  2339  1.00
ta35   450  2.22  2241  2309  1.00
ta36   450  2.37  2085  2195  1.00
ta37   450  3.30  2022  2052  1.00
ta38   450  2.16  2198  2292  1.00
ta39   450  3.01  1917  2043  1.00
ta40   600  4.39  2443  2565  1.00
ta41   600  7.21  2427  2562  1.00
ta42   600 10.16  2326  2415  1.00
ta43   600  4.29  2575  2674  1.00
ta44   600  5.07  2368  2456  1.00
ta45   600  3.43  2603  2755  0.80
ta46   600  4.20  2379  2480  1.00
ta47   600  4.43  2351  2430  1.00
ta48   600  4.65  2364  2424  1.00
ta49   600  6.67  2404  2498  1.00
ta50   750  2.71  3317  3446  0.60
ta51   750  2.61  3275  3388  1.00
ta52   750  2.33  2995  3087  1.00
ta53   750  1.85  3121  3237  1.00
ta54   750  3.19  3116  3335  1.00
ta55   750  2.66  3140  3283  1.00
ta56   750  2.35  3262  3327  1.00
ta57   750  1.65  3395  3511  1.00
ta58   750  3.04  2992  3183  1.00
ta59   750  2.00  3004  3058  1.00
ta60  1000 14.92  3191  3296  1.00
ta61  1000 12.88  3342  3398  1.00
ta62  1000  7.00  3157  3294  1.00
ta63  1000  8.68  3084  3184  1.00
ta64  1000 10.97  3153  3257  1.00
ta65  1000  6.66  3251  3310  1.00
ta66  1000  7.22  3303  3528  1.00
ta67  1000 11.22  3114  3254  1.00
ta68  1000  4.51  3515  3589  1.00
ta69  1000  3.10  3632  3708  1.00
ta70  2000 10.01  6092  6262  1.00
ta71  2000 10.53  5575  5740  1.00
ta72  2000  7.23  6143  6320  1.00
ta73  2000  8.75  5627  5727  1.00
ta74  2000 11.03  6033  6316  0.40
ta75  2000 12.18  5797  5981  1.00
ta76  2000 11.67  5771  5868  1.00
ta77  2000  7.60  5831  6055  1.00
ta78  2000 12.11  5629  5786  1.00
ta79  2000  5.82  5706  5838  1.00
