kacem2002a
8 8
1 3
 5  3  5  3  3  X 10  9
10  X  5  8  3  9  9  6
 X 10  X  5  6  2  4  5
2 4 
 5  7  3  9  8  X  9  X
 X  8  5  2  6  7 10  9
 X 10  X  5  6  4  1  7
10  8  9  6  4  7  X  X
3 3
10  X  X  7  6  5  2  4
 X 10  6  4  8  9 10  X
 1  4  5  6  X 10  X  7
4 3
 3  1  6  5  9  7  8  4
12 11  7  8 10  5  6  9
 4  6  2 10  3  9  5  7
5 4
 3  6  7  8  9  X 10  X
10  X  7  4  9  8  6  X
 X  9  8  7  4  2  7  X
11  9  X  6  7  5  3  6
6 3
 6  7  1  4  6  9  X 10
11  X  9  9  9  7  6  4
10  5  9 10 11  X 10  X
7 3
 5  4  2  6  7  X 10  X
 X  9  X  9 11  9 10  5
 X  8  9  3  8  6  X 10
8 4
 2  8  5  9  X  4  X 10
 7  4  7  8  9  X 10  X
 9  9  X  8  5  6  7  1
 9  X  3  7  1  5  8  X
 